734
892
136
372
915
521
212
473
98
331
730
853
623
476
531
836
607
717
738
58
210
407
75
703
914
486
244
396
271
343
16
644
503
980
907
309
576
905
485
763
148
690
611
263
654
395
789
53
430
947
788
640
404
136
17
151
52
573
313
850
18
717
413
413
319
513
16
214
492
506
707
947
968
986
599
77
649
548
636
801
978
895
328
202
736
787
94
774
753
518
796
164
742
682
312
855
613
369
738
742
943
321
320
265
30
19
902
299
18
877
682
199
61
112
274
271
999
55
658
618
465
315
421
124
643
775
535
211
124
75
200
815
222
357
218
30
936
151
432
270
537
539
328
570
365
795
609
88
631
512
907
317
804
336
870
153
256
721
55
249
777
987
767
357
137
475
646
33
951
760
705
354
752
615
393
517
401
513
387
596
813
904
19
316
220
945
76
219
446
388
484
727
154
455
593
644
903
628
394
65
888
82
911
107
808
44
800
390
288
439
194
91
177
251
572
338
607
334
433
150
825
502
981
176
644
259
1
644
355
757
182
478
198
472
727
902
526
228
309
659
428
743
633
420
179
929
352
635
978
234
274
453
137
732
421
747
900
388
823
275
656
785
694
532
801
259
946
298
241
497
693
519
100
698
553
225
169
945
506
702
218
991
153
269
242
85
835
756
527
285
206
616
580
628
237
404
45
975
264
114
23
307
413
650
227
217
922
512
661
971
983
347
322
338
486
26
649
663
234
951
787
31
62
15
839
938
781
729
948
313
271
570
452
937
89
144
29
264
304
780
251
285
699
516
467
95
34
58
72
828
169
127
640
394
390
264
177
529
207
278
259
272
232
532
576
269
404
223
463
247
394
324
951
688
502
857
798
993
303
702
395
636
84
340
613
635
604
177
230
466
429
126
109
431
48
112
545
777
208
492
49
221
335
944
598
951
526
396
670
32
40
679
796
171
180
680
349
96
118
129
82
424
229
211
10
457
264
232
538
399
439
292
607
279
996
952
28
706
114
784
501
151
740
835
355
498
455
900
283
91
135
185
21
401
472
671
788
487
726
946
539
771
308
26
259
171
41
244
499
383
171
626
544
930
703
582
144
67
319
361
474
32
627
322
547
748
267
413
809
232
900
47
970
705
679
417
237
649
17
658
865
532
50
726
720
338
460
455
781
113
59
269
508
38
438
612
974
493
350
106
215
270
845
906
772
514
238
636
152
875
482
628
104
527
196
679
68
440
167
680
390
858
96
362
721
230
469
847
187
732
51
402
609
181
314
689
32
344
435
84
764
673
347
344
177
88
335
602
226
467
23
234
703
159
231
804
992
869
729
775
462
625
383
500
950
426
65
239
347
719
764
788
689
390
688
201
190
330
22
633
217
765
745
554
486
551
762
779
650
235
280
857
859
132
950
857
747
719
115
971
47
452
70
696
368
128
357
204
890
259
409
325
65
154
442
76
371
547
374
768
586
409
402
14
784
114
898
657
579
785
167
535
363
736
969
105
383
935
929
352
904
269
557
352
9
177
358
297
594
56
895
62
244
249
400
951
646
725
552
118
728
191
102
137
804
688
535
139
734
754
157
446
258
901
543
435
854
130
350
442
970
14
66
929
218
328
577
151
883
374
237
374
549
325
681
329
378
255
91
51
190
118
585
266
54
64
906
728
174
331
889
902
121
473
215
292
281
493
539
333
453
423
128
116
297
70
530
120
320
828
776
214
88
314
566
479
519
773
245
340
55
406
75
58
657
242
373
464
774
777
459
476
674
873
369
353
723
442
740
455
163
37
581
746
631
280
813
420
870
768
245
502
905
557
96
717
172
492
156
907
983
737
352
389
724
643
349
391
252
46
661
746
41
452
963
445
498
586
107
437
964
904
453
388
981
125
119
284
13
850
859
772
734
602
417
313
270
568
563
529
264
42
495
943
147
476
114
159
847
117
372
478
488
232
76
438
722
267
702
467
29
738
803
631
370
139
221
833
395
853
360
788
204
728
35
242
710
736
692
143
842
417
499
49
185
94
613
775
756
74
926
746
461
309
890
999
299
195
157
245
539
189
262
431
771
333
197
577
333
380
695
784
211
961
633
185
857
697
703
478
456
588
915
576
604
907
929
373
229
474
340
731
583
190
251
631
803
603
229
682
524
924
24
730
448
69
762
334
735
918
635
