 467
 235
 603
 768
  38
 780
 324
 792
  42
 425
 127
 775
 770
 113
 245
 404
 541
 814
 601
 707
 402
 754
 846
 184
 957
 543
 461
  59
 854
 357
 820
 438
 662
  11
 807
 442
 432
  74
 392
 321
 441
 790
 846
  20
 661
 964
 703
  85
 898
 204
 863
 843
 198
  49
 589
 108
 149
 593
  61
 412
 686
 306
 613
 713
 440
 317
 218
 676
 236
 702
 190
 338
 680
 960
 547
 128
 731
 992
 784
 223
 338
 257
 981
 112
 331
 676
   1
 699
 704
 224
  43
 343
 867
 479
 871
 561
 750
 441
 186
 627
